第0簇有250个点！坐标：79.96729718875504 25.612281124497997 103.02848192771083 32.2400843373494 103.26809236947794 95.20111646586338 48.172971887550155 34.71691566265061 23.14961445783131 64.93055020080324 
第1簇有500个点！坐标：57.50360320641285 19.418823647294584 44.73306613226452 26.43626452905815 86.46660921843684 68.65768136272544 100.07807414829652 86.92255511022046 83.5631503006012 102.07954509018028 
第2簇有501个点！坐标：55.72326599999999 30.973647999999994 53.05611 29.42845999999999 39.87808 72.864198 16.599611999999997 94.80811600000003 48.984585999999965 19.39648199999999 
第3簇有1000个点！坐标：77.6293203203203 84.9680190190191 104.40033633633632 112.3605835835837 44.835716716716696 106.13965465465445 59.64535635635647 47.07026226226229 36.43736236236239 58.53039939939936 
第4簇有499个点！坐标：25.439548192771078 111.31230120481918 14.636881526104414 72.39145983935747 50.66238353413653 36.36380522088351 102.01839156626515 68.96142570281124 15.578060240963845 109.54139959839362 
第5簇有250个点！坐标：75.93569879518076 35.530469879518066 101.03169477911653 24.640473895582335 95.15201606425704 94.56033333333336 52.72177911646588 35.42589959839359 24.71522088353415 63.72134538152612 
第6簇有500个点！坐标：98.30566132264535 36.21263527054107 100.84487975951912 57.15503406813623 79.66965330661318 95.08643687374745 23.370062124248484 74.10429659318635 59.248907815631256 25.615308617234493 
第7簇有500个点！坐标：39.434090180360684 73.46886372745492 104.6632264529057 94.86362725450921 22.113789579158325 64.42340480961913 14.881587174348706 107.84063727454908 63.885665330661354 67.28778356713431 
第8簇有500个点！坐标：86.24892184368733 47.641144288577124 82.29573947895787 21.683076152304615 24.243767535070152 47.52748296593186 70.30381763527058 30.568853707414824 96.74244889779551 108.11222845691377 
第9簇有500个点！坐标：106.88751302605212 104.63029058116227 33.582122244488986 31.278418837675336 85.26527855711413 109.6793787575151 107.02504008016045 43.02694388777553 14.970891783567136 22.75742484969939 


第1簇有500个点！坐标：106.93246693386776 104.61318637274543 33.62822645290582 31.235414829659305 85.2491643286572 109.70776352705418 107.02901803607227 43.02489579158314 15.00438476953908 22.754675350701394 
第2簇有500个点！坐标：89.37037074148307 95.97341482965916 107.33891182364727 114.4736232464929 34.640701402805604 103.25346492985983 49.46534068136272 46.19209619238476 33.2047114228457 29.563132264529074 
第3簇有500个点！坐标：57.51930060120242 19.423987975951896 44.680663326653296 26.444665330661355 86.42036072144288 68.63239679358718 100.05982765531056 86.93720040080163 83.58935470941883 102.0555350701402 
第4簇有500个点！坐标：65.94679158316633 73.96200200400796 101.39762925851691 110.23736472945892 55.01145691382768 109.03990180360714 69.8116773547094 47.903541082164345 39.62226252505009 87.4286953907815 
第5簇有500个点！坐标：55.73070741482965 30.92803607214428 53.03391583166333 29.45302404809618 39.846713426853704 72.87994789579157 16.622613226452902 94.86449298597196 48.97006212424846 19.390256513026046 
第6簇有499个点！坐标：25.404586345381517 111.2978313253011 14.624331325301203 72.36865060240967 50.66980923694778 36.37543775100399 102.02364859437759 68.96372690763052 15.597706827309228 109.55471084337356 
第7簇有501个点！坐标：98.27557200000005 36.20748599999998 100.87463400000007 57.150061999999956 79.66627399999994 95.07760799999996 23.38793199999999 74.13068599999997 59.264427999999995 25.614436000000023 
第8簇有500个点！坐标：86.2232044088176 47.608605210420805 82.29602404809616 21.71571743486975 24.208146292585184 47.51580561122244 70.31842885771546 30.585891783567124 96.75728056112217 108.15135070140275 
第9簇有500个点！坐标：39.40008817635267 73.44727855711423 104.68988977955901 94.82445691382783 22.11107615230462 64.42350501001994 14.897062124248507 107.81605010020037 63.863795591182395 67.2358336673347 
第10簇有500个点！坐标：77.87743887775551 30.592316633266556 102.05983366733464 28.4345490981964 99.19296192384773 94.90928056112217 50.466024048096216 35.06889178356711 23.953460921843686 64.29385771543083 